# General information:
luminosity = 19466     # given in pb-1
channels = 48          # total number of channels / bins. Counting ordering, MHT, HT and nJets.
nuisances = 2          # number of nuisance/uncertainties
sample = ll           # name of the sample



# bin1 is for nJets [3, 5], HT [500, 800] and MHT [200, 300]; bin2 is for nJets [3, 5], HT [500, 800] and MHT  [300, 450] ...
channel = bin1; bin2; bin3; bin4; bin5; bin6; bin7; bin8; bin9; bin10; bin11; bin12; bin13; bin14; bin15; bin16; bin17; bin18; bin19; bin20; bin21; bin22; bin23; bin24; bin25; bin26; bin27; bin28; bin29; bin30; bin31; bin32; bin33; bin34; bin35; bin36; 
# Predicted events
ll_events = 2096.92  633.138  76.2765  8.30006  270.419  108.981  31.955  8.28144  94.8885  49.2104  7.16547  1.99805  28.785  9.2622  1.74621  16.6875  8.41302  110.062  21.6402  -1  49.7008  9.14894  2.4594  23.7317  5.96057  -1  9.37529  4.15883  -1  3.86754  2.54133  2.11698  2.87126  1.04887  2.47421  -1  

# Uncertainties --> stat. and syst.
# uncertainties:: 2:mtw, 3:dilep, 4:acc, 5:diboson, 6:muTag&Probe, 7:elecTag&Probe


ll_uncertainty_1 = 49.0987  25.978  9.05236  2.93451  18.3997  11.552  5.73928  2.92793  11.1059  7.87997  2.92529  1.41283  6.00209  3.50078  1.23476  4.62829  3.17982  9.84428  4.51229  -1  6.9595  2.64107  1.73906  5.17868  2.25288  -1  3.31467  2.4011  -1  1.93377  1.79699  1.49693  1.17219  1.04887  1.42849  -1  

ll_uncertaintyUP_2 = 66.9994  20.2297  2.43714  0.265198  8.64025  3.48209  1.021  0.264603  3.03181  1.57234  0.228947  0.0638403  0.91972  0.29594  0.055794  0.533189  0.268808  3.51664  0.691433  0  1.58801  0.292321  0.078581  0.75826  0.190448  0  0.299553  0.13288  0  0.123573  0.0811988  0.0676404  0.0917408  0.0335129  0.0790545  0  

ll_uncertaintyDN_2 = 66.9999  20.2296  2.43714  0.265198  8.64025  3.48209  1.021  0.264603  3.03182  1.57234  0.228947  0.0638403  0.919719  0.29594  0.0557939  0.533189  0.268808  3.51664  0.691433  0  1.588  0.292321  0.078581  0.75826  0.190448  0  0.299553  0.13288  0  0.123573  0.0811988  0.0676404  0.0917407  0.0335129  0.0790545  0  

ll_uncertaintyUP_3 = 15.7266  4.74855  0.572073  0.0622504  2.02813  0.817352  0.239663  0.0621108  0.711659  0.369078  0.053741  0.0149853  0.215887  0.0694667  0.0130966  0.125157  0.0630977  0.825472  0.162301  0  0.372757  0.0686171  0.0184455  0.177988  0.0447042  0  0.0703145  0.0311912  0  0.0290067  0.0190599  0.0158774  0.0215345  0.0078665  0.0185566  0  

ll_uncertaintyDN_3 = 15.7272  4.7485  0.572077  0.0622504  2.02815  0.817362  0.239661  0.062111  0.711666  0.36908  0.0537412  0.0149853  0.215887  0.0694667  0.0130966  0.125157  0.0630977  0.825466  0.162301  0  0.372753  0.0686171  0.0184455  0.177988  0.0447042  0  0.0703145  0.0311912  0  0.0290067  0.0190599  0.0158774  0.0215345  0.0078665  0.0185566  0  

ll_uncertaintyUP_4 = 75.9972  24.8377  3.04105  0.364257  8.97892  3.61679  1.22971  0.389768  3.10829  1.67246  0.253639  0.0907658  0.948082  0.307242  0.0776797  0.477009  0.327282  3.07754  0.568106  0  1.27977  0.270066  0.0438315  0.567137  0.171002  0  0.216603  0.0850157  0  0.0817527  0.0550586  0.0312908  0.0718741  0.0149528  0.0436385  0  

ll_uncertaintyDN_4 = 75.9974  24.8377  3.04106  0.364257  8.97893  3.6168  1.22971  0.389768  3.10829  1.67246  0.253639  0.0907658  0.948081  0.307242  0.0776798  0.477009  0.327282  3.07754  0.568105  0  1.27977  0.270066  0.0438315  0.567137  0.171002  0  0.216603  0.0850157  0  0.0817527  0.0550586  0.0312908  0.071874  0.0149528  0.0436385  0  

ll_uncertaintyUP_5 = 0  0  0  0  0  0  0  0  0  0  0  0  0  0  0  0  0  0  0  0  0  0  0  0  0  0  0  0  0  0  0  0  0  0  0  0  

ll_uncertaintyDN_5 = 62.9077  18.9942  2.28829  0.249002  8.11257  3.26943  0.958648  0.248443  2.84665  1.47631  0.214964  0.0599415  0.863551  0.277866  0.0523864  0.500626  0.252391  3.30187  0.649205  0  1.49102  0.274468  0.0737818  0.711951  0.178817  0  0.281259  0.124765  0  0.116026  0.0762397  0.0635095  0.0861379  0.0314662  0.0742264  0  

ll_uncertaintyUP_6 = 419.385  126.628  15.2553  1.66001  54.0837  21.7962  6.39099  1.65629  18.9777  9.84208  1.43309  0.39961  5.757  1.85244  0.349243  3.33751  1.6826  22.0125  4.32803  0  9.94015  1.82979  0.491879  4.74634  1.19211  0  1.87506  0.831765  0  0.773509  0.508265  0.423397  0.574253  0.209775  0.494843  0  

ll_uncertaintyDN_6 = 419.385  126.628  15.2553  1.66001  54.0837  21.7962  6.39099  1.65629  18.9777  9.84209  1.43309  0.39961  5.757  1.85244  0.349243  3.33751  1.6826  22.0125  4.32803  0  9.94015  1.82979  0.491879  4.74634  1.19211  0  1.87506  0.831765  0  0.773509  0.508265  0.423397  0.574253  0.209775  0.494843  0  

ll_uncertaintyUP_7 = 419.385  126.628  15.2553  1.66001  54.0837  21.7962  6.39099  1.65629  18.9777  9.84208  1.43309  0.39961  5.757  1.85244  0.349243  3.33751  1.6826  22.0125  4.32803  0  9.94015  1.82979  0.491879  4.74634  1.19211  0  1.87506  0.831765  0  0.773509  0.508265  0.423397  0.574253  0.209775  0.494843  0  

ll_uncertaintyDN_7 = 419.385  126.628  15.2553  1.66001  54.0837  21.7962  6.39099  1.65629  18.9777  9.84209  1.43309  0.39961  5.757  1.85244  0.349243  3.33751  1.6826  22.0125  4.32803  0  9.94015  1.82979  0.491879  4.74634  1.19211  0  1.87506  0.831765  0  0.773509  0.508265  0.423397  0.574253  0.209775  0.494843  0  

